x: 207.67342735422136
y: 91.0
z: -1749.666177929603
world: world
yaw: -100.94882
pitch: 6.2998366
warmup: 0
cooldown: 0
